0.100000
536870912.000000
536870912.000000
536870912.000000
536870912.000000
536870912.000000
536870912.000000
536870912.000000
536870912.000000
536870912.000000
536870912.000000
536870912.000000
536870912.000000
536870912.000000
536870912.000000
536870912.000000
536870912.000000
536870912.000000
536870912.000000
536870912.000000
536870912.000000
536870912.000000
536870912.000000
536870912.000000
536870912.000000
536870912.000000
536870912.000000
536870912.000000
536870912.000000
536870912.000000
536870912.000000
536870912.000000
536870912.000000
536870912.000000
536870912.000000
536870912.000000
536870912.000000
536870912.000000
536870912.000000
536870912.000000
536870912.000000
536870912.000000
536870912.000000
536870912.000000
536870912.000000
536870912.000000
536870912.000000
536870912.000000
536870912.000000
