126.965360
-4120.319946
6444.915935
-3894.111158
-237.354941
-1218.117438
622.465458
1600.942470
-1445.055228
-171.943254
2161.294561
-2100.665631
1209.944398
-33.321329
912.155561
-846.859873
265.514728
839.539449
-1648.573950
759.187919
699.851644
-758.847850
-2837.047703
1722.627981
-1861.610865
-305.232347
-925.678381
528.456615
1269.291783
-1322.622522
372.138988
346.457143
-1541.342468
1272.454923
-967.954015
2954.902591
-2020.162516
227.911442
935.645060
-1128.917744
1517.668188
-1069.860379
859.016625
-346.187413
1784.718293
-377.827814
-117.447286
-1158.266979
895.811635
