126.959397
-4099.919020
6490.799396
-3875.791410
-246.041882
-1205.830036
649.120520
1609.699888
-1475.291297
-133.995728
2129.521134
-2120.607223
1193.718161
-71.830894
911.580696
-818.367371
292.960551
771.002266
-1670.419371
710.652867
706.650353
-787.614389
-2858.342522
1774.396915
-1830.849842
-369.799163
-887.701749
516.548188
1281.958113
-1302.285476
376.353430
306.417511
-1563.604496
1321.452826
-960.773900
2963.553622
-2014.077210
268.446621
933.453510
-1085.568506
1529.950893
-1088.825356
845.524271
-364.830946
1783.643749
-448.195033
-108.398317
-1191.695700
914.507233
